# BRON: KONINKLIJK NEDERLANDS METEOROLOGISCH INSTITUUT (KNMI)
# Opmerking: door stationsverplaatsingen en veranderingen in waarneemmethodieken zijn deze tijdreeksen van dagwaarden mogelijk inhomogeen! Dat betekent dat deze reeks van gemeten waarden niet geschikt is voor trendanalyse. Voor studies naar klimaatverandering verwijzen we naar de gehomogeniseerde reeks maandtemperaturen van De Bilt <http://www.knmi.nl/kennis-en-datacentrum/achtergrond/gehomogeniseerde-reeks-maandtemperaturen-de-bilt> of de Centraal Nederland Temperatuur <http://www.knmi.nl/kennis-en-datacentrum/achtergrond/centraal-nederland-temperatuur-cnt>.
#
#
# STN      LON(east)   LAT(north)     ALT(m)  NAME
# 240:         4.790       52.318      -3.30  SCHIPHOL
# 380:         5.762       50.906     114.30  MAASTRICHT
#
# YYYYMMDD = Datum (YYYY=jaar MM=maand DD=dag);
# FHX      = Hoogste uurgemiddelde windsnelheid (in 0.1 m/s);
# TX       = Maximum temperatuur (in 0.1 graden Celsius);
# DR       = Duur van de neerslag (in 0.1 uur);
#
# STN,YYYYMMDD,  FHX,   TX,   DR
#
  240,20171101,   70,  139,    0
  240,20171102,   60,  149,    0
  240,20171103,   40,  136,    0
  240,20171104,   70,  133,   47
  240,20171105,   70,  107,   31
  240,20171106,   40,  105,    2
  240,20171107,   30,   94,    0
  240,20171108,   30,   79,    7
  240,20171109,   70,  120,   44
  240,20171110,  110,  121,   14
  240,20171111,   80,  109,    6
  240,20171112,   60,   77,   40
  240,20171113,   70,  107,    9
  240,20171114,   70,  106,   42
  240,20171115,   50,  110,   50
  240,20171116,   50,  115,   18
  240,20171117,   50,  111,    0
  240,20171118,  100,   98,   33
  240,20171119,   90,  100,   11
  240,20171120,   90,  120,  106
  240,20171121,   90,  127,   43
  240,20171122,  100,  129,   30
  240,20171123,  140,  146,    5
  240,20171124,   50,   96,   60
  240,20171125,   70,   81,    5
  240,20171126,   80,   81,   18
  240,20171127,  110,  103,   82
  240,20171128,   90,   85,   42
  240,20171129,   40,   52,   11
  240,20171130,   30,   46,   59
  240,20171201,   40,   46,    0
  240,20171202,   40,   16,    0
  240,20171203,   50,   89,   41
  240,20171204,   60,   91,   16
  240,20171205,   70,   93,    0
  240,20171206,   90,  102,    0
  240,20171207,  130,   78,   39
  240,20171208,  110,   63,   74
  240,20171209,  110,   58,   64
  240,20171210,   90,   17,  113
  240,20171211,   90,   18,   96
  240,20171212,   80,   50,   13
  240,20171213,   90,   65,   86
  240,20171214,   90,   65,   49
  240,20171215,   50,   45,   15
  240,20171216,   50,   64,   28
  240,20171217,   80,   66,   49
  240,20171218,   80,   82,   16
  240,20171219,   60,   81,    0
  240,20171220,   40,   91,    0
  240,20171221,   40,   91,   25
  240,20171222,   40,   99,   44
  240,20171223,   90,   92,    5
  240,20171224,  110,   96,   12
  240,20171225,  100,   99,    0
  240,20171226,  120,   74,   29
  240,20171227,   90,   70,  124
  240,20171228,  100,   56,    2
  240,20171229,  110,   73,   55
  240,20171230,  140,  118,   56
  240,20171231,  140,  131,  134
  240,20180101,  130,   83,   21
  240,20180102,  100,   94,   69
  240,20180103,  190,  114,   42
  240,20180104,  150,  109,    7
  240,20180105,  100,   79,   11
  240,20180106,   60,   70,    0
  240,20180107,  100,   39,    0
  240,20180108,   80,   35,    0
  240,20180109,   60,   56,    0
  240,20180110,   50,   74,   17
  240,20180111,   30,   73,    0
  240,20180112,   30,   63,    0
  240,20180113,   60,   62,    0
  240,20180114,   60,   51,    0
  240,20180115,  120,   83,  101
  240,20180116,  120,   71,   18
  240,20180117,  140,   64,    2
  240,20180118,  230,  100,   75
  240,20180119,   80,   65,   30
  240,20180120,   50,   37,   35
  240,20180121,   80,   70,   40
  240,20180122,   70,   82,   30
  240,20180123,  100,  112,   39
  240,20180124,  130,  138,   56
  240,20180125,   80,   95,    0
  240,20180126,   40,   85,    8
  240,20180127,  110,   83,   24
  240,20180128,  110,  112,    0
  240,20180129,  130,  111,   20
  240,20180130,   60,   80,    0
  240,20180131,  120,   97,   66
  240,20180201,   90,   64,   48
  240,20180202,  100,   75,   32
  240,20180203,   60,   46,   24
  240,20180204,   90,   44,    0
  240,20180205,   60,   36,    0
  240,20180206,   70,   15,    0
  240,20180207,   30,   27,    0
  240,20180208,   60,   57,    0
  240,20180209,   80,   22,   40
  240,20180210,   90,   65,   23
  240,20180211,  130,   73,   56
  240,20180212,   90,   57,    5
  240,20180213,   90,   62,    0
  240,20180214,  100,   61,    0
  240,20180215,  100,   98,   49
  240,20180216,   70,   79,    0
  240,20180217,   30,   77,    0
  240,20180218,   50,   74,    0
  240,20180219,   50,   32,    0
  240,20180220,   40,   46,    0
  240,20180221,   50,   49,    0
  240,20180222,   70,   45,    0
  240,20180223,   80,   33,    0
  240,20180224,   90,   37,    0
  240,20180225,   80,   14,    0
  240,20180226,   80,    6,    0
  240,20180227,   60,    6,    0
  240,20180228,  100,  -45,    0
  240,20180301,  120,   -9,    0
  240,20180302,  120,    2,    0
  240,20180303,   60,   12,    0
  240,20180304,   80,  107,   39
  240,20180305,   80,  117,    0
  240,20180306,   50,  100,    0
  240,20180307,   60,  111,   20
  240,20180308,  140,   92,   35
  240,20180309,   60,  102,   50
  240,20180310,   70,  148,   70
  240,20180311,   70,  117,   38
  240,20180312,   60,  139,   21
  240,20180313,   70,   87,   61
  240,20180314,   70,  113,    0
  240,20180315,   90,  107,   43
  240,20180316,  100,   63,   10
  240,20180317,  130,    6,    0
  240,20180318,  110,   26,    0
  240,20180319,  100,   39,    0
  240,20180320,   90,   81,    5
  240,20180321,   60,   85,    0
  240,20180322,   80,  100,   45
  240,20180323,   90,   73,    0
  240,20180324,   40,  103,    0
  240,20180325,   50,  114,    0
  240,20180326,   50,  115,    0
  240,20180327,   70,   99,   15
  240,20180328,   70,   77,   98
  240,20180329,   60,  105,   21
  240,20180330,   70,  135,   40
  240,20180331,   30,  114,   12
  240,20180401,   50,   74,   19
  240,20180402,   80,  117,   87
  240,20180403,   90,  170,   53
  240,20180404,   80,  145,   13
  240,20180405,  110,   97,   18
  240,20180406,   90,  149,    0
  240,20180407,   70,  209,    0
  240,20180408,   40,  215,    0
  240,20180409,   60,  145,    6
  240,20180410,   60,  199,    2
  240,20180411,   60,  179,    2
  240,20180412,   80,  129,   13
  240,20180413,   60,  142,    0
  240,20180414,   40,  150,   10
  240,20180415,   50,  175,   52
  240,20180416,   80,  151,    0
  240,20180417,   80,  198,    0
  240,20180418,   50,  234,    0
  240,20180419,   60,  273,    0
  240,20180420,   60,  248,    0
  240,20180421,   50,  203,    0
  240,20180422,   90,  258,    0
  240,20180423,   80,  150,    0
  240,20180424,  100,  151,   14
  240,20180425,  120,  141,   12
  240,20180426,  100,  133,    0
  240,20180427,   60,  147,    4
  240,20180428,   70,  143,    7
  240,20180429,  100,  118,   83
  240,20180430,  110,  114,  119
  240,20180501,  160,  121,   78
  240,20180502,  100,  170,   20
  240,20180503,   50,  143,    0
  240,20180504,   40,  173,    0
  240,20180505,   60,  205,    0
  240,20180506,   40,  250,    0
  240,20180507,   40,  251,    0
  240,20180508,   40,  266,    0
  240,20180509,   60,  231,    0
  240,20180510,   90,  160,   20
  240,20180511,   40,  185,    0
  240,20180512,   50,  228,    0
  240,20180513,   60,  179,   39
  240,20180514,   60,  253,    0
  240,20180515,   60,  238,    0
  240,20180516,   90,  195,    0
  240,20180517,   80,  142,    0
  240,20180518,   60,  138,    0
  240,20180519,   30,  136,    0
  240,20180520,   50,  222,    0
  240,20180521,   60,  249,    0
  240,20180522,   60,  221,   19
  240,20180523,   60,  251,   16
  240,20180524,   60,  229,    0
  240,20180525,   50,  245,    6
  240,20180526,   60,  273,    0
  240,20180527,   60,  252,    0
  240,20180528,   50,  290,    0
  240,20180529,   60,  301,   32
  240,20180530,   40,  264,    0
  240,20180531,   70,  236,   20
  240,20180601,   60,  219,   38
  240,20180602,   60,  189,    0
  240,20180603,   50,  230,    0
  240,20180604,   50,  228,    0
  240,20180605,   60,  202,    0
  240,20180606,   50,  260,    0
  240,20180607,   50,  278,    0
  240,20180608,   40,  208,    1
  240,20180609,   50,  236,    0
  240,20180610,   50,  226,    0
  240,20180611,   60,  217,    0
  240,20180612,   70,  170,    0
  240,20180613,   70,  188,    0
  240,20180614,  110,  202,   14
  240,20180615,   50,  230,    0
  240,20180616,   80,  207,    0
  240,20180617,   70,  189,    0
  240,20180618,   90,  192,   23
  240,20180619,   70,  222,    0
  240,20180620,   90,  237,    0
  240,20180621,  110,  165,    0
  240,20180622,  110,  161,    0
  240,20180623,   50,  189,    0
  240,20180624,   70,  181,    0
  240,20180625,   60,  207,    0
  240,20180626,   50,  217,    0
  240,20180627,   60,  231,    0
  240,20180628,   60,  268,    0
  240,20180629,   60,  263,    0
  240,20180630,   70,  270,    0
  240,20180701,   90,  268,    0
  240,20180702,   80,  254,    0
  240,20180703,   60,  245,    0
  240,20180704,   40,  256,    0
  240,20180705,   50,  223,    0
  240,20180706,   40,  246,    0
  240,20180707,   50,  249,    0
  240,20180708,   60,  243,    0
  240,20180709,   60,  221,    0
  240,20180710,   80,  217,   12
  240,20180711,   80,  229,    0
  240,20180712,   60,  231,    0
  240,20180713,   50,  237,    0
  240,20180714,   50,  243,    0
  240,20180715,   40,  277,    0
  240,20180716,   50,  289,    0
  240,20180717,   80,  240,    0
  240,20180718,   50,  245,    0
  240,20180719,   70,  256,    0
  240,20180720,   60,  254,    0
  240,20180721,   80,  258,    0
  240,20180722,   70,  264,    0
  240,20180723,   40,  289,    0
  240,20180724,   60,  304,    0
  240,20180725,   50,  306,    0
  240,20180726,   40,  348,    0
  240,20180727,   70,  357,    0
  240,20180728,  120,  256,   17
  240,20180729,  100,  269,    0
  240,20180730,   70,  294,    0
  240,20180731,  110,  256,    6
  240,20180801,   40,  260,    0
  240,20180802,   50,  280,    0
  240,20180803,   60,  305,    0
  240,20180804,   80,  279,    0
  240,20180805,   50,  260,    0
  240,20180806,   40,  304,    0
  240,20180807,   70,  337,   10
  240,20180808,  100,  235,   10
  240,20180809,  100,  228,   40
  240,20180810,  100,  220,   62
  240,20180811,   90,  204,    2
  240,20180812,   80,  268,    0
  240,20180813,   70,  227,   15
  240,20180814,   70,  228,    8
  240,20180815,   80,  238,    0
  240,20180816,   80,  219,    9
  240,20180817,   50,  226,    0
  240,20180818,   70,  219,    0
  240,20180819,   90,  237,    0
  240,20180820,   50,  234,    0
  240,20180821,   30,  252,    0
  240,20180822,   60,  247,    0
  240,20180823,   80,  225,   15
  240,20180824,  100,  189,   49
  240,20180825,   80,  180,   75
  240,20180826,  110,  199,   30
  240,20180827,  100,  201,   18
  240,20180828,   40,  218,    0
  240,20180829,   60,  197,   48
  240,20180830,   60,  195,    0
  240,20180831,   40,  188,    0
  240,20180901,   40,  209,    0
  240,20180902,   50,  226,    0
  240,20180903,   50,  229,    0
  240,20180904,   40,  250,    0
  240,20180905,   50,  204,   91
  240,20180906,   50,  185,   53
  240,20180907,   90,  172,   29
  240,20180908,   80,  183,    0
  240,20180909,   80,  226,    0
  240,20180910,   80,  190,    0
  240,20180911,  110,  220,    0
  240,20180912,   60,  183,   22
  240,20180913,   40,  186,    0
  240,20180914,   80,  198,    0
  240,20180915,   70,  193,    0
  240,20180916,   70,  216,    0
  240,20180917,   50,  234,    0
  240,20180918,  110,  236,    0
  240,20180919,  110,  231,    0
  240,20180920,   90,  225,    0
  240,20180921,  130,  198,   28
  240,20180922,   90,  165,   50
  240,20180923,   50,  116,   91
  240,20180924,   80,  157,   11
  240,20180925,   30,  167,    0
  240,20180926,   80,  188,    0
  240,20180927,   60,  210,
  240,20180928,   60,  162,    0
  240,20180929,   30,  160,    0
  240,20180930,   60,  169,    3
  240,20181001,   90,  131,   30
  240,20181002,  100,  169,   51
  240,20181003,   60,  160,    0
  240,20181004,   70,  182,    0
  240,20181005,   50,  202,    0
  240,20181006,   80,  198,   24
  240,20181007,   70,  149,    0
  240,20181008,   70,  167,    0
  240,20181009,   50,  182,    0
  240,20181010,   50,  228,    0
  240,20181011,   70,  222,    6
  240,20181012,   80,  217,    0
  240,20181013,   70,  256,    0
  240,20181014,   80,  238,    0
  240,20181015,   60,  224,    0
  240,20181016,   40,  233,    0
  240,20181017,   50,  191,    0
  240,20181018,   50,  158,    0
  240,20181019,   40,  147,    0
  240,20181020,   40,  161,    0
  240,20181021,   50,  162,    0
  240,20181022,   60,  150,    0
  240,20181023,  110,  150,    0
  240,20181024,   90,  162,   10
  240,20181025,   60,  134,   10
  240,20181026,   70,  124,   58
  240,20181027,   60,  117,   34
  240,20181028,   80,   79,    0
  240,20181029,   80,   63,    0
  240,20181030,  110,  102,  128
  240,20181031,   90,  112,    0
  240,20181101,   70,  123,   35
  380,20171101,   60,  142,    0
  380,20171102,   50,  119,    0
  380,20171103,   40,  134,    8
  380,20171104,   90,  154,    2
  380,20171105,   40,  116,   45
  380,20171106,   30,  102,    3
  380,20171107,   30,   81,    0
  380,20171108,   20,   64,   33
  380,20171109,   60,   79,   13
  380,20171110,   70,  101,   41
  380,20171111,   50,   76,   56
  380,20171112,   60,   66,   27
  380,20171113,   60,   91,    5
  380,20171114,   50,   94,   22
  380,20171115,   40,   94,   27
  380,20171116,   40,  103,    0
  380,20171117,   30,   94,   17
  380,20171118,   70,   67,   28
  380,20171119,   50,   86,    4
  380,20171120,   70,   97,   83
  380,20171121,   80,  102,   50
  380,20171122,   70,  134,    0
  380,20171123,  100,  153,    1
  380,20171124,   30,   98,   76
  380,20171125,   50,   64,   18
  380,20171126,   60,   52,    2
  380,20171127,  110,   76,  138
  380,20171128,   50,   77,   11
  380,20171129,   40,   29,    0
  380,20171130,   40,   32,   59
  380,20171201,   50,   37,    5
  380,20171202,   40,   11,    0
  380,20171203,   60,   24,   59
  380,20171204,   40,   75,    9
  380,20171205,   50,   62,    0
  380,20171206,   70,   73,    0
  380,20171207,  100,   65,   44
  380,20171208,   60,   55,    5
  380,20171209,   70,   17,    0
  380,20171210,  130,   76,   59
  380,20171211,   90,   76,   65
  380,20171212,   60,   24,    7
  380,20171213,  110,   74,   77
  380,20171214,   90,   48,   60
  380,20171215,   50,   47,   15
  380,20171216,   40,   49,   24
  380,20171217,   80,   34,   20
  380,20171218,   70,   68,   96
  380,20171219,   40,   62,    6
  380,20171220,   40,   73,   76
  380,20171221,   40,   90,  104
  380,20171222,   30,   95,   79
  380,20171223,   70,   93,    0
  380,20171224,   70,   87,    0
  380,20171225,   80,   82,    0
  380,20171226,  100,   73,   35
  380,20171227,   80,   75,   33
  380,20171228,   50,   33,   27
  380,20171229,   80,   54,   20
  380,20171230,   90,  126,   49
  380,20171231,  110,  138,   75
  380,20180101,  100,   79,   63
  380,20180102,   90,   86,   64
  380,20180103,  110,  112,   58
  380,20180104,   90,  120,   55
  380,20180105,   80,   95,   25
  380,20180106,   60,   73,    0
  380,20180107,   90,   48,    6
  380,20180108,   70,   54,    0
  380,20180109,   40,   75,    0
  380,20180110,   60,   95,   38
  380,20180111,   30,   81,    0
  380,20180112,   30,   60,    0
  380,20180113,   40,   72,    0
  380,20180114,   50,   64,    0
  380,20180115,  130,   78,   39
  380,20180116,   70,   76,    5
  380,20180117,   80,   44,   35
  380,20180118,  140,  106,   60
  380,20180119,   60,   59,   19
  380,20180120,   60,   34,   92
  380,20180121,   50,   46,   30
  380,20180122,   50,   89,   31
  380,20180123,   80,  101,    6
  380,20180124,  110,  133,    3
  380,20180125,   50,   96,   77
  380,20180126,   30,   76,    0
  380,20180127,   90,   78,    7
  380,20180128,   80,  104,   25
  380,20180129,   80,   98,   25
  380,20180130,   50,   77,    0
  380,20180131,  100,   94,   72
  380,20180201,   80,   48,    6
  380,20180202,   60,   42,   68
  380,20180203,   50,   39,   12
  380,20180204,   70,   22,   21
  380,20180205,   60,   30,    0
  380,20180206,   50,    1,    8
  380,20180207,   40,   11,    0
  380,20180208,   30,   13,    0
  380,20180209,   70,   20,   43
  380,20180210,   80,   47,   27
  380,20180211,  100,   61,   43
  380,20180212,   50,   46,    3
  380,20180213,   70,   53,    0
  380,20180214,   60,   59,    0
  380,20180215,   70,   90,   65
  380,20180216,   40,   82,    0
  380,20180217,   40,   57,    0
  380,20180218,   40,   78,    0
  380,20180219,   30,   39,    0
  380,20180220,   50,   49,    0
  380,20180221,   60,   46,    0
  380,20180222,   80,   43,    0
  380,20180223,   90,   30,    0
  380,20180224,   90,   52,    0
  380,20180225,   80,    6,    0
  380,20180226,   90,  -10,    8
  380,20180227,   80,   -9,    0
  380,20180228,  100,  -24,    0
  380,20180301,  110,    8,    0
  380,20180302,  100,   -2,   66
  380,20180303,   60,   40,   14
  380,20180304,   70,  131,    6
  380,20180305,   60,  129,    0
  380,20180306,   50,  112,    0
  380,20180307,   60,   80,   58
  380,20180308,  110,   85,   20
  380,20180309,   40,   95,   45
  380,20180310,   70,  156,   12
  380,20180311,   70,  152,    0
  380,20180312,   80,  147,   19
  380,20180313,   70,   85,  118
  380,20180314,   50,  126,    0
  380,20180315,   60,  113,   57
  380,20180316,   70,   97,   40
  380,20180317,  100,    5,    6
  380,20180318,   90,    9,    0
  380,20180319,   70,   31,    0
  380,20180320,   90,   86,    7
  380,20180321,   40,   69,    0
  380,20180322,   60,   68,   65
  380,20180323,   70,   69,    5
  380,20180324,   40,  126,    0
  380,20180325,   40,  133,    0
  380,20180326,   30,  111,    2
  380,20180327,   60,  105,   90
  380,20180328,  100,  106,   83
  380,20180329,   60,  112,    2
  380,20180330,   60,  148,   30
  380,20180331,   40,  131,   19
  380,20180401,   50,   81,   21
  380,20180402,   80,  148,   13
  380,20180403,   90,  162,   13
  380,20180404,   90,  144,   20
  380,20180405,   80,   96,    8
  380,20180406,   60,  175,    0
  380,20180407,   60,  228,    0
  380,20180408,   40,  234,    0
  380,20180409,   50,  174,    0
  380,20180410,   50,  188,   33
  380,20180411,   40,  130,   33
  380,20180412,   40,  168,    0
  380,20180413,   40,  148,    0
  380,20180414,   40,  188,   27
  380,20180415,   50,  184,   40
  380,20180416,   40,  179,    2
  380,20180417,   40,  213,    0
  380,20180418,   50,  248,    0
  380,20180419,   60,  280,    0
  380,20180420,   40,  270,    0
  380,20180421,   40,  235,    0
  380,20180422,   70,  267,    1
  380,20180423,   50,  187,    7
  380,20180424,   60,  162,    0
  380,20180425,   70,  159,    6
  380,20180426,   70,  145,    6
  380,20180427,   50,  190,    0
  380,20180428,   60,  169,    0
  380,20180429,   70,  190,   78
  380,20180430,  110,  134,   90
  380,20180501,   80,  137,   28
  380,20180502,   60,  180,    0
  380,20180503,   40,  166,    0
  380,20180504,   60,  187,    0
  380,20180505,   60,  218,    0
  380,20180506,   60,  252,    0
  380,20180507,   60,  248,    0
  380,20180508,   40,  270,    0
  380,20180509,   50,  271,    0
  380,20180510,   50,  168,   29
  380,20180511,   40,  203,    0
  380,20180512,   60,  239,    0
  380,20180513,   50,  150,   63
  380,20180514,   40,  240,   29
  380,20180515,   50,  238,    0
  380,20180516,   60,  214,    3
  380,20180517,   60,  183,    0
  380,20180518,   40,  172,    0
  380,20180519,   40,  166,    0
  380,20180520,   60,  241,    0
  380,20180521,   70,  253,   32
  380,20180522,   60,  234,   38
  380,20180523,   50,  226,   25
  380,20180524,   60,  238,    9
  380,20180525,   20,  264,    0
  380,20180526,   50,  280,    0
  380,20180527,   60,  270,   25
  380,20180528,   50,  283,    0
  380,20180529,   60,  260,    0
  380,20180530,   30,  265,    0
  380,20180531,   40,  274,    6
  380,20180601,   50,  185,  118
  380,20180602,   50,  203,    0
  380,20180603,   40,  248,    0
  380,20180604,   60,  262,    0
  380,20180605,   50,  200,    0
  380,20180606,   50,  275,    0
  380,20180607,   40,  258,   31
  380,20180608,   40,  235,   16
  380,20180609,   30,  253,    0
  380,20180610,   50,  251,    0
  380,20180611,   70,  234,    0
  380,20180612,   60,  183,   22
  380,20180613,   50,  179,    0
  380,20180614,   60,  218,   19
  380,20180615,   40,  236,    0
  380,20180616,   50,  241,    0
  380,20180617,   60,  180,    0
  380,20180618,   60,  222,    0
  380,20180619,   50,  214,    0
  380,20180620,   40,  274,    0
  380,20180621,   70,  190,    0
  380,20180622,   60,  160,    0
  380,20180623,   30,  184,    0
  380,20180624,   40,  195,    0
  380,20180625,   40,  228,    0
  380,20180626,   50,  226,    0
  380,20180627,   70,  273,    0
  380,20180628,   60,  278,    0
  380,20180629,   60,  288,    0
  380,20180630,   60,  293,    0
  380,20180701,   80,  276,    0
  380,20180702,   60,  281,    0
  380,20180703,   40,  297,    0
  380,20180704,   30,  283,    4
  380,20180705,   40,  274,    0
  380,20180706,   30,  263,    0
  380,20180707,   50,  269,    0
  380,20180708,   50,  258,    0
  380,20180709,   50,  251,    0
  380,20180710,   50,  180,    0
  380,20180711,   50,  237,    0
  380,20180712,   40,  269,    0
  380,20180713,   30,  271,    0
  380,20180714,   50,  276,    0
  380,20180715,   40,  294,    0
  380,20180716,   40,  302,    0
  380,20180717,   50,  280,    0
  380,20180718,   40,  272,    0
  380,20180719,   40,  284,    0
  380,20180720,   40,  287,    0
  380,20180721,   50,  292,    0
  380,20180722,   30,  282,    0
  380,20180723,   30,  295,    0
  380,20180724,   60,  327,    0
  380,20180725,   50,  341,    0
  380,20180726,   50,  367,    0
  380,20180727,   40,  363,    0
  380,20180728,   70,  281,    6
  380,20180729,   70,  304,    0
  380,20180730,   50,  327,    0
  380,20180731,   60,  297,    0
  380,20180801,   50,  300,    0
  380,20180802,   40,  322,    0
  380,20180803,   50,  343,    0
  380,20180804,   70,  326,    0
  380,20180805,   50,  281,    0
  380,20180806,   30,  340,    0
  380,20180807,   50,  358,    0
  380,20180808,   70,  247,   25
  380,20180809,   90,  238,   18
  380,20180810,   70,  234,    0
  380,20180811,   50,  225,   10
  380,20180812,   50,  281,    0
  380,20180813,   60,  221,   50
  380,20180814,   40,  220,    7
  380,20180815,   50,  230,    0
  380,20180816,   40,  271,    0
  380,20180817,   40,  231,   31
  380,20180818,   40,  237,    0
  380,20180819,   50,  253,    0
  380,20180820,   30,  232,    0
  380,20180821,   30,  266,    0
  380,20180822,   30,  272,    0
  380,20180823,   50,  234,    4
  380,20180824,   50,  202,    1
  380,20180825,   50,  176,   23
  380,20180826,   60,  201,   23
  380,20180827,   70,  213,   21
  380,20180828,   30,  232,    0
  380,20180829,   60,  230,   15
  380,20180830,   50,  201,    0
  380,20180831,   40,  197,    0
  380,20180901,   50,  215,    0
  380,20180902,   50,  245,    0
  380,20180903,   30,  209,    0
  380,20180904,   40,  259,    0
  380,20180905,   40,  263,   43
  380,20180906,   30,  213,    5
  380,20180907,   50,  192,   11
  380,20180908,   60,  201,    0
  380,20180909,   50,  252,    0
  380,20180910,   40,  231,    0
  380,20180911,   80,  268,    0
  380,20180912,   60,  231,    8
  380,20180913,   40,  184,   21
  380,20180914,   40,  206,    0
  380,20180915,   40,  210,    0
  380,20180916,   40,  236,    0
  380,20180917,   40,  269,    0
  380,20180918,   70,  300,    0
  380,20180919,   90,  274,    0
  380,20180920,   70,  258,    0
  380,20180921,  100,  207,   17
  380,20180922,   60,  159,  107
  380,20180923,   70,  125,  131
  380,20180924,   50,  150,    8
  380,20180925,   30,  150,    0
  380,20180926,   30,  192,    0
  380,20180927,   40,  229,    0
  380,20180928,   60,  144,   15
  380,20180929,   60,  153,    0
  380,20180930,   30,  170,    0
  380,20181001,   70,  135,   14
  380,20181002,   80,  143,   38
  380,20181003,   40,  165,    0
  380,20181004,   40,  179,    0
  380,20181005,   30,  229,    0
  380,20181006,   60,  247,    6
  380,20181007,   70,  152,   10
  380,20181008,   30,  168,    0
  380,20181009,   20,  204,    0
  380,20181010,   60,  228,    0
  380,20181011,   60,  245,    0
  380,20181012,   70,  249,    0
  380,20181013,   60,  273,    0
  380,20181014,   90,  257,    0
  380,20181015,   50,  246,    0
  380,20181016,   30,  251,    0
  380,20181017,   30,  209,    0
  380,20181018,   60,  182,    0
  380,20181019,   40,  166,    0
  380,20181020,   20,  141,    0
  380,20181021,   20,  172,    0
  380,20181022,   70,  150,   20
  380,20181023,   70,  141,    0
  380,20181024,   50,  153,   24
  380,20181025,   40,  126,    5
  380,20181026,   60,  111,   23
  380,20181027,   40,   95,    6
  380,20181028,   90,   71,    0
  380,20181029,   80,   62,   13
  380,20181030,  110,   85,   79
  380,20181031,   70,  105,    0
  380,20181101,   50,  122,   38
